[array([[-0.37325368, -0.0215176 , -0.94973754,  0.07931154,  0.78494687,
         1.04268315],
       [ 0.17849173,  2.51957643,  0.41061571, -0.1921727 ,  0.77124674,
        -0.51241047],
       [-0.73421293,  0.28287696,  0.76344785, -0.5154059 ,  0.94488041,
         1.06585738],
       [-0.33028203, -0.89271404, -0.33091228,  1.03626851, -0.29827636,
        -1.01799478],
       [-1.29713257, -0.74949683, -1.76829745, -0.55624618,  0.30880101,
        -1.77041305],
       [-1.71225901,  1.45793575, -0.22585415,  0.73043181,  0.43790261,
         1.36941908]])]